City,Lat,Lng,Max Temp,Humidity,Cloudiness,Wind Speed,Country,Date
Bathsheba,13.22,-59.52,82.4,78,40,24.16,BB,1604109714
Busselton,-33.65,115.33,73.0,45,100,10.2,AU,1604109690
Ushuaia,-54.8,-68.3,50.0,71,75,18.34,AR,1604109895
Bambous Virieux,-20.34,57.76,68.0,56,20,12.75,MU,1604109713
Clyde River,70.47,-68.59,8.6,84,1,5.82,CA,1604110220
The Valley,18.22,-63.06,82.4,78,40,10.29,AI,1604110220
Thompson,55.74,-97.86,17.6,72,90,6.93,CA,1604110125
Jamestown,42.1,-79.24,36.0,94,90,8.05,US,1604109985
Bredasdorp,-34.53,20.04,48.2,81,25,2.51,ZA,1604109982
Kincardine,56.07,-3.72,43.0,93,0,6.93,GB,1604109994
Punta Arenas,-53.15,-70.92,50.0,66,75,10.29,CL,1604109749
Soe,-9.86,124.28,86.61,39,17,4.76,ID,1604110222
Hermanus,-34.42,19.23,53.01,69,0,11.86,ZA,1604109692
Mīnāb,27.15,57.08,69.8,73,0,6.93,IR,1604110222
Wanaka,-44.7,169.15,62.64,68,100,6.29,NZ,1604109924
Cherskiy,68.75,161.3,7.38,91,100,5.1,RU,1604109894
Kapaa,22.08,-159.32,82.4,65,75,5.82,US,1604109857
Ixtapa,20.7,-105.2,82.4,78,90,4.7,MX,1604110138
Upernavik,72.79,-56.15,19.62,96,99,3.83,GL,1604109892
Mataura,-46.19,168.86,54.0,96,100,14.0,NZ,1604109698
Saldanha,-33.01,17.94,53.6,66,0,10.29,ZA,1604109895
Adrar,20.5,-10.07,80.62,16,45,9.17,MR,1604110057
Port Alfred,-33.59,26.89,59.92,65,87,3.8,ZA,1604109851
San Quintín,30.48,-115.95,64.58,77,100,5.97,MX,1604110073
Lagoa,39.05,-27.98,67.71,95,100,14.56,PT,1604110078
Benguela,-12.58,13.41,76.86,81,93,6.44,AO,1604110226
Nouadhibou,20.93,-17.03,66.2,88,0,13.87,MR,1604110123
Puerto Ayora,-0.74,-90.35,70.0,93,82,5.01,EC,1604109837
Mainburg,48.65,11.78,51.8,76,1,8.05,DE,1604110227
Mékhé,15.11,-16.62,80.6,54,0,19.46,SN,1604110227
Albany,42.6,-73.97,30.0,93,94,3.04,US,1604109895
Faanui,-16.48,-151.75,78.8,79,7,16.73,PF,1604110059
Norman Wells,65.28,-126.83,12.2,92,75,4.7,CA,1604109936
Zuwārah,32.93,12.08,66.69,66,12,4.12,LY,1604110228
Nizhniy Odes,63.64,54.86,33.75,96,100,7.87,RU,1604110228
Fortuna,40.6,-124.16,54.0,87,1,9.17,US,1604110215
Mar del Plata,-38.0,-57.56,55.0,81,0,4.7,AR,1604110069
Alofi,-19.06,-169.92,78.8,78,90,17.22,NU,1604109981
Yangi Marg`ilon,40.43,71.72,35.6,40,0,6.93,UZ,1604109985
Bantry,51.68,-9.45,55.4,100,90,23.04,IE,1604110229
Vila Velha,-20.33,-40.29,75.2,94,90,5.82,BR,1604109866
Salalah,17.02,54.09,73.4,40,0,5.82,OM,1604110230
Bluff,-46.6,168.33,54.0,96,100,14.0,NZ,1604109987
Ambovombe,-25.17,46.08,61.43,85,0,7.18,MG,1604110230
Yulara,-25.24,130.99,75.2,16,0,13.87,AU,1604110231
Barrow,71.29,-156.79,8.6,84,75,8.05,US,1604109602
Soyo,-6.13,12.37,76.8,84,91,2.39,AO,1604110231
Saint Paul Harbor,57.79,-152.41,33.8,64,90,6.93,US,1604109682
Rikitea,-23.12,-134.97,76.17,63,0,0.6,PF,1604109894
Baturaja,-4.13,104.17,87.42,64,87,1.01,ID,1604110232
Tuatapere,-46.13,167.68,54.0,96,100,14.0,NZ,1604110169
Longyearbyen,78.22,15.64,17.6,72,40,5.82,SJ,1604109957
Atuona,-9.8,-139.03,77.99,74,53,11.43,PF,1604109847
Hilo,19.73,-155.09,82.4,74,90,8.05,US,1604109931
Bengkulu,-3.8,102.27,82.2,71,95,1.39,ID,1604109881
Severomuysk,56.15,113.43,9.88,94,99,2.73,RU,1604110233
Pozo Colorado,-23.49,-58.8,67.75,52,73,8.48,PY,1604110234
Vaini,-21.2,-175.2,78.8,69,40,13.87,TO,1604109687
Esperance,-33.87,121.9,75.2,31,0,25.28,AU,1604110032
Port Elizabeth,-33.92,25.57,50.0,93,75,4.7,ZA,1604109620
Butaritari,3.07,172.79,82.62,75,90,19.57,KI,1604109894
George Town,5.41,100.34,84.2,83,20,4.7,MY,1604109617
Souillac,-20.52,57.52,68.0,56,20,12.75,MU,1604110235
Marsabit,2.33,37.99,62.98,91,95,17.13,KE,1604110236
Avera,33.19,-82.53,57.2,87,1,4.7,US,1604109910
Shingū,33.73,135.98,60.8,44,20,3.36,JP,1604110236
Dikson,73.51,80.55,14.23,96,95,27.31,RU,1604110168
Aberdeen,57.14,-2.1,39.2,86,100,4.7,GB,1604110237
Ribeira Grande,38.52,-28.7,68.95,93,100,16.02,PT,1604109988
Hobart,-42.88,147.33,70.0,51,40,11.41,AU,1604109893
Khatanga,71.97,102.5,-10.46,85,0,6.29,RU,1604109894
Pierre,44.37,-100.35,50.0,75,1,17.22,US,1604110120
Iqaluit,63.75,-68.51,15.8,78,90,8.05,CA,1604109732
Sitka,57.05,-135.33,44.6,87,90,12.75,US,1604109910
Saskylakh,71.92,114.08,-2.56,82,5,6.11,RU,1604110030
Honiara,-9.43,159.95,87.8,70,20,6.93,SB,1604110037
Kaitangata,-46.28,169.85,57.0,88,100,11.01,NZ,1604109739
Katsuura,35.13,140.3,64.0,48,20,9.17,JP,1604110124
Port Hedland,-20.32,118.57,89.6,33,0,5.82,AU,1604109936
Hithadhoo,-0.6,73.08,83.64,73,100,9.42,MV,1604109986
Mastic Beach,40.77,-72.85,37.99,74,75,10.6,US,1604110240
Ulaanbaatar,47.91,106.88,19.4,85,40,2.24,MN,1604109962
Tuktoyaktuk,69.45,-133.04,5.0,92,75,6.93,CA,1604109893
Sibolga,1.74,98.78,85.01,61,45,1.39,ID,1604110241
Wao,7.68,124.68,73.38,87,90,2.04,PH,1604110241
Arrondissement de Beaune,47.08,4.75,42.8,100,0,3.36,FR,1604110241
Engis,50.58,5.4,54.0,87,75,8.05,BE,1604110241
Kahului,20.89,-156.47,87.8,45,20,24.16,US,1604109852
Arlit,18.74,7.39,74.53,20,0,11.95,NE,1604110242
Iskitim,54.64,83.3,33.8,96,90,8.95,RU,1604110242
Tilichiki,60.47,166.1,30.58,96,88,2.01,RU,1604110243
Yzeure,46.56,3.35,46.0,100,90,2.24,FR,1604110243
Onalaska,43.88,-91.24,37.4,51,1,8.05,US,1604110243
Yellowknife,62.46,-114.35,15.01,92,75,4.7,CA,1604109686
Katima Mulilo,-17.5,24.27,75.2,29,46,3.36,NA,1604110244
Eagle Pass,28.71,-100.5,60.01,44,12,5.01,US,1604110244
Tura,25.52,90.22,76.78,80,90,2.66,IN,1604110244
Grindavik,63.84,-22.43,41.0,86,75,23.04,IS,1604110096
Vila Franca do Campo,37.72,-25.43,69.8,94,75,17.22,PT,1604110245
Vardø,70.37,31.11,34.21,87,31,8.1,NO,1604110245
Ambanja,-13.68,48.45,71.15,70,66,3.44,MG,1604110245
Pevek,69.7,170.31,20.73,97,100,6.33,RU,1604110076
Emba,48.83,58.14,42.04,57,100,10.54,KZ,1604110245
Talnakh,69.49,88.4,14.0,78,100,29.08,RU,1604109877
Ahipara,-35.17,173.17,67.21,87,46,13.91,NZ,1604110075
Codrington,-38.27,141.97,56.5,77,100,12.53,AU,1604109987
Tambura,5.6,27.47,67.26,97,79,1.59,SS,1604110246
Chapais,49.78,-74.85,10.4,92,1,4.7,CA,1604110247
New Norfolk,-42.78,147.06,70.0,37,15,3.0,AU,1604109895
Qaanaaq,77.48,-69.36,13.86,90,96,5.66,GL,1604109723
Christchurch,-43.53,172.63,80.6,36,43,10.29,NZ,1604110058
Airai,-8.93,125.41,78.98,43,0,2.84,TL,1604109984
Dunedin,-45.87,170.5,57.0,82,100,19.19,NZ,1604110119
Salekhard,66.53,66.6,34.65,98,100,13.15,RU,1604110248
Birjand,32.87,59.22,32.0,64,0,4.7,IR,1604110248
East London,-33.02,27.91,62.42,68,100,1.59,ZA,1604109727
Laguna,38.42,-121.42,69.8,32,1,0.87,US,1604110249
Chui,-33.7,-53.46,53.38,87,98,5.61,UY,1604110054
Zhigansk,66.77,123.37,-10.89,89,95,0.65,RU,1604109903
Cabo San Lucas,22.89,-109.91,78.8,57,40,5.82,MX,1604110169
Nanortalik,60.14,-45.24,26.74,92,87,8.99,GL,1604109756
Fare,-16.7,-151.02,79.52,74,0,15.52,PF,1604109986
Saint-Philippe,-21.36,55.77,66.2,68,46,14.99,RE,1604109939
Tasiilaq,65.61,-37.64,33.8,80,100,46.08,GL,1604109872
Narsaq,60.92,-46.05,23.0,73,93,1.12,GL,1604110029
Aksarka,66.56,67.8,34.47,98,100,14.52,RU,1604110251
Klaksvík,62.23,-6.59,48.2,81,13,18.34,FO,1604109730
Pisco,-13.7,-76.22,62.6,88,90,6.93,PE,1604110075
Nikolskoye,59.7,30.79,45.0,93,90,6.71,RU,1604109894
Shenjiamen,29.96,122.3,65.46,57,0,6.35,CN,1604110252
Ternate,0.8,127.4,84.79,72,73,9.55,ID,1604110252
Provideniya,64.38,-173.3,23.23,85,23,7.23,RU,1604109895
Rio Grande,-32.03,-52.1,57.99,82,99,11.32,BR,1604109910
Sept-Îles,50.2,-66.38,30.2,68,0,6.93,CA,1604109982
Andenes,69.31,16.12,35.01,59,59,11.41,NO,1604110253
Walvis Bay,-22.96,14.51,54.0,81,100,5.82,NA,1604110166
Pangnirtung,66.15,-65.71,9.63,79,82,3.87,CA,1604110032
Nome,64.5,-165.41,26.6,58,1,4.7,US,1604109941
Pangai,-19.8,-174.35,78.8,61,20,17.22,TO,1604110254
Richards Bay,-28.78,32.04,66.96,83,93,10.98,ZA,1604110254
Kavaratti,10.57,72.64,82.45,70,18,8.63,IN,1604109941
Port Blair,11.67,92.75,82.29,80,91,10.36,IN,1604109984
Chikwawa,-16.03,34.8,74.32,61,0,1.88,MW,1604110255
Narovchat,53.88,43.69,42.21,96,100,3.31,RU,1604110255
Vao,-22.67,167.48,74.37,87,69,14.36,NC,1604109966
Neiafu,-18.65,-173.98,80.6,69,20,11.41,TO,1604110256
São João da Barra,-21.64,-41.05,73.15,97,100,6.22,BR,1604109844
Te Anau,-45.42,167.72,54.21,90,100,3.18,NZ,1604110256
Sakakah,29.97,40.21,64.4,15,0,3.36,SA,1604110257
Ambositra,-20.52,47.25,51.17,80,93,4.16,MG,1604110149
Nara,34.69,135.8,66.99,51,0,5.82,JP,1604110257
Mitsamiouli,-11.38,43.28,77.88,79,88,9.55,KM,1604110257
Torbay,47.67,-52.73,34.0,64,90,11.41,CA,1604109797
Dalvik,65.97,-18.53,42.8,75,75,18.34,IS,1604110258
Ancud,-41.87,-73.82,53.01,81,0,5.82,CL,1604110114
Carutapera,-1.2,-46.02,76.06,87,72,5.32,BR,1604110258
Alice Springs,-23.7,133.88,77.0,21,0,11.41,AU,1604110259
St. George's,12.06,-61.75,82.2,83,100,17.6,GD,1604110259
Hofn,64.25,-15.21,45.68,75,0,24.96,IS,1604110259
Maitum,6.04,124.5,84.2,74,75,4.81,PH,1604110259
Hong Kong,22.29,114.16,75.0,64,55,1.01,HK,1604109924
Usinsk,65.99,57.53,33.26,93,100,8.97,RU,1604110260
Arraial do Cabo,-22.97,-42.03,70.39,87,100,32.53,BR,1604109959
Bairiki Village,1.33,172.98,87.8,62,20,16.11,KI,1604110073
Bonfim,3.08,-59.95,80.85,75,22,0.98,BR,1604110116
Omsukchan,62.53,155.8,16.32,92,82,5.79,RU,1604110077
Colima,19.17,-104.0,82.4,83,75,1.32,MX,1604110261
Iralaya,15.0,-83.23,80.08,86,100,7.29,HN,1604110261
Kieta,-6.22,155.63,83.77,74,65,6.2,PG,1604110261
Northam,51.03,-4.22,57.0,92,100,15.99,GB,1604109896
Edgewater,28.99,-80.9,68.0,72,1,10.29,US,1604110262
Broome,42.25,-75.83,30.2,74,90,5.82,US,1604110262
Antsohihy,-14.88,47.99,73.44,54,100,12.75,MG,1604110263
Padang,-0.95,100.35,78.8,83,40,9.17,ID,1604110263
Ubatuba,-23.43,-45.07,62.6,93,90,4.7,BR,1604110263
Belmonte,-15.86,-38.88,77.0,83,0,6.93,BR,1604109892
Tshikapa,-6.42,20.8,68.68,94,87,1.59,CD,1604110264
Shelburne,44.08,-80.2,28.0,81,2,5.82,CA,1604110264
Naze,28.37,129.48,77.0,65,75,23.04,JP,1604109892
Krasnosel'kup,65.7,82.47,11.93,96,100,15.12,RU,1604110265
Lebu,-37.62,-73.65,51.46,90,2,12.97,CL,1604109892
Cairns,-16.92,145.77,88.0,62,11,9.17,AU,1604110265
Chokurdakh,70.63,147.92,10.09,96,100,7.65,RU,1604109987
Husavik,66.04,-17.34,42.8,70,20,21.92,IS,1604109983
Zhangye,38.93,100.45,42.49,56,22,2.66,CN,1604110266
Makkah al Mukarramah,21.43,39.83,74.12,69,0,1.12,SA,1604110266
Rawson,-43.3,-65.1,62.33,34,0,11.83,AR,1604110030
Cape Town,-33.93,18.42,57.0,62,0,20.8,ZA,1604110029
Olafsvik,64.89,-23.71,39.36,85,73,10.42,IS,1604110267
Acajutla,13.59,-89.83,73.0,93,25,2.35,SV,1604110267
Haines Junction,60.75,-137.51,17.6,72,100,1.12,CA,1604110213
Ponta do Sol,32.67,-17.1,68.0,77,20,12.75,PT,1604110212
Zhaotong,27.32,103.72,51.66,89,100,4.97,CN,1604110267
Atar,20.52,-13.05,82.31,17,54,7.38,MR,1604110268
Hualmay,-11.1,-77.61,62.67,84,100,5.23,PE,1604110151
Umluj,25.02,37.27,77.13,36,0,4.7,SA,1604110268
Saint-Joseph,-21.37,55.62,66.2,68,25,14.99,RE,1604110077
Porto Belo,-27.16,-48.55,68.0,68,40,6.93,BR,1604110269
Sisimiut,66.94,-53.67,20.34,91,98,6.8,GL,1604110269
Laas,46.62,10.7,39.99,100,0,1.12,IT,1604109878
Leningradskiy,69.38,178.42,19.15,94,74,17.52,RU,1604110214
Lorengau,-2.02,147.27,84.54,71,87,2.55,PG,1604109895
Verkhniy Fiagdon,42.83,44.31,39.2,93,64,4.47,RU,1604110270
Coahuayana Viejo,18.73,-103.68,75.2,83,75,1.39,MX,1604110270
Virginia Beach,36.85,-75.98,55.4,66,40,10.29,US,1604110201
Severo-Kuril'sk,50.68,156.12,40.26,92,100,37.42,RU,1604110031
Yarmouth,41.71,-70.23,43.0,69,90,11.41,US,1604110271
Tibiri,13.56,7.05,79.54,17,0,8.1,NE,1604110271
Geraldton,-28.77,114.6,75.2,64,40,12.75,AU,1604109939
Auki,-8.77,160.7,83.14,77,97,4.07,SB,1604110272
Leiyang,26.4,112.86,65.17,76,80,4.25,CN,1604110272
Londiani,-0.17,35.59,51.53,93,98,3.71,KE,1604110272
Garden City,42.33,-83.33,37.99,55,90,5.82,US,1604110213
Avarua,-21.21,-159.78,75.2,78,93,14.99,CK,1604109940
Lensk,60.73,114.93,9.82,92,100,4.09,RU,1604110273
Kumla,59.13,15.14,41.0,93,100,5.82,SE,1604110273
La Plata,-34.92,-57.95,57.99,65,0,6.51,AR,1604110273
Arrondissement d'Istres,43.5,5.0,50.0,100,20,4.7,FR,1604110274
Otane,-39.88,176.63,69.01,66,96,15.01,NZ,1604110274
Praia da Vitória,38.73,-27.07,69.8,88,40,10.4,PT,1604110114
Zhuhai,22.28,113.57,77.0,73,40,16.11,CN,1604110062
Spirit River,55.78,-118.84,26.6,92,28,16.11,CA,1604110275
Takoradze,4.88,-1.76,77.99,87,8,4.79,GH,1604110077
Igrim,63.19,64.42,34.21,89,98,8.97,RU,1604110275
Xining,36.62,101.77,35.98,78,72,1.16,CN,1604110114
Hobyo,5.35,48.53,80.49,77,93,8.46,SO,1604110276
Sangar,63.92,127.47,-7.51,86,0,2.51,RU,1604110276
Lamar,33.67,-95.58,53.6,71,1,6.93,US,1604110277
Saint George,37.1,-113.58,64.4,18,1,6.93,US,1604110277
Klichka,50.45,118.0,27.9,97,100,15.86,RU,1604110277
Morondava,-20.28,44.28,75.24,49,0,12.39,MG,1604110075
Kawalu,-7.38,108.21,82.63,69,67,2.48,ID,1604110171
Mâncio Lima,-7.61,-72.9,73.06,98,100,1.12,BR,1604110278
La Seyne-sur-Mer,43.1,5.88,55.99,93,0,5.82,FR,1604110278
Meulaboh,4.14,96.13,81.48,74,100,3.06,ID,1604110278
Teahupoo,-17.83,-149.27,84.2,62,40,17.22,PF,1604110278
Sola,-13.88,167.55,81.66,78,100,15.43,VU,1604110279
Kloulklubed,7.04,134.26,84.2,74,75,21.92,PW,1604110109
Xingyi,24.19,102.82,61.09,88,96,3.22,CN,1604110279
Sioux Lookout,50.1,-91.92,30.2,80,90,6.93,CA,1604109701
Avilés,43.55,-5.92,55.0,81,0,10.29,ES,1604110280
Cockburn Town,21.46,-71.14,83.5,80,100,19.22,TC,1604109895
Ostrovnoy,68.05,39.51,32.92,93,86,17.45,RU,1604110167
Pacifica,37.61,-122.49,60.8,63,20,17.22,US,1604110281
Kongolo,-5.38,27.0,67.87,96,70,2.26,CD,1604110281
Mount Gambier,-37.83,140.77,55.4,71,90,14.99,AU,1604110166
Mahébourg,-20.41,57.7,68.0,56,20,12.75,MU,1604109703
Miraflores,19.22,-98.81,64.4,45,75,11.41,MX,1604110282
Gweta,-20.18,25.23,76.12,20,0,14.12,BW,1604110282
Aktas,49.78,72.96,14.0,85,0,4.47,KZ,1604110282
Roald,62.58,6.13,48.2,76,100,12.75,NO,1604110171
Teeli,51.03,90.23,27.05,82,100,0.65,RU,1604110283
Castro,-24.79,-50.01,52.16,94,100,10.74,BR,1604110076
Peniche,39.36,-9.38,60.01,90,0,0.87,PT,1604109938
Itaituba,-4.28,-55.98,75.27,94,100,4.34,BR,1604110284
Port Moresby,-9.44,147.18,89.6,59,40,9.17,PG,1604110284
Isangel,-19.55,169.27,80.6,78,75,9.17,VU,1604110110
Kifrī,34.7,44.97,58.82,35,0,2.64,IQ,1604110285
Tartagal,-22.52,-63.8,65.12,42,99,3.94,AR,1604110069
Khorinsk,52.17,109.77,28.6,91,99,6.2,RU,1604110285
Newtownards,54.59,-5.69,50.0,93,100,14.99,GB,1604110285
Bogandinskiy,56.89,65.89,28.4,86,0,11.18,RU,1604110286
San Cristobal,7.77,-72.22,68.25,91,99,1.48,VE,1604109939
Montluçon,46.33,2.6,46.0,98,100,5.99,FR,1604110286
Kailua,21.4,-157.74,84.2,54,20,6.93,US,1604110287
San Patricio,28.02,-97.52,63.0,59,1,5.82,US,1604109855
Shubarshi,48.59,57.19,41.83,60,95,10.74,KZ,1604110287
Karratha,-20.74,116.85,85.96,45,0,11.18,AU,1604110062
Lac du Bonnet,50.25,-96.06,37.0,86,100,17.22,CA,1604110287
Perelyub,51.87,50.37,44.85,59,99,11.43,RU,1604110288
Margate,51.38,1.39,57.0,83,26,1.99,GB,1604110063
Tankhoy,51.55,105.13,31.14,90,100,6.78,RU,1604110288
Harper,4.38,-7.72,77.4,90,100,8.75,LR,1604109981
Halifax,44.65,-63.57,37.0,64,100,8.05,CA,1604110200
Cidreira,-30.18,-50.21,62.98,69,63,9.6,BR,1604110085
Beringovskiy,63.05,179.32,24.06,86,82,12.93,RU,1604110172
Guerrero Negro,27.98,-114.06,68.88,50,27,9.95,MX,1604109986
Tsimmerbude,54.67,20.13,46.0,93,75,4.47,RU,1604110290
Manadhoo,5.77,73.38,82.35,71,5,6.58,MV,1604110290
Havelock,34.88,-76.9,57.99,62,1,6.93,US,1604110290
Bucak,37.46,30.59,62.6,87,40,4.7,TR,1604110291
Aginskoye,51.1,114.53,31.03,88,99,14.72,RU,1604110291
Barras,-4.24,-42.29,77.25,72,22,4.16,BR,1604110291
Paris,48.85,2.35,57.2,76,90,2.24,FR,1604110145
Vorukh,39.85,70.58,40.26,47,0,3.51,TJ,1604110292
Chissamba,-12.17,17.33,63.75,90,96,3.36,AO,1604110292
Ipixuna,-1.76,-48.8,78.8,83,0,8.05,BR,1604110292
Aldan,58.6,125.39,12.74,96,94,1.68,RU,1604110292
Kaniama,-7.57,24.18,64.83,97,97,2.08,CD,1604110293
Bethel,41.37,-73.41,32.0,94,23,2.98,US,1604109938
Kodinsk,58.69,99.18,13.15,94,96,5.55,RU,1604110258
Giohar,2.78,45.5,75.97,86,100,4.76,SO,1604110293
Kjøllefjord,70.95,27.35,32.63,92,69,9.53,NO,1604110294
Tocopilla,-22.09,-70.2,61.83,61,0,4.03,CL,1604110294
Santa Lucía,27.91,-15.54,77.0,31,0,4.7,ES,1604110294
Baturité,-4.33,-38.88,74.7,82,24,3.6,BR,1604110295
Urengoy,65.97,78.37,28.56,99,100,12.24,RU,1604109986
Najrān,17.49,44.13,59.0,30,0,1.77,SA,1604110030
Prince Rupert,54.32,-130.32,46.4,81,90,4.7,CA,1604110158
Maniitsoq,65.42,-52.9,20.66,85,74,6.06,GL,1604110265
Kibondo,-3.59,30.72,60.04,95,73,1.54,TZ,1604110296
Itupiranga,-5.13,-49.33,74.84,97,98,2.37,BR,1604110296
Illela,13.73,5.3,81.14,17,45,8.55,NG,1604110296
Saint Anthony,45.02,-93.22,39.99,55,1,6.93,US,1604110259
Mayo,38.89,-76.51,48.99,87,75,11.23,US,1604110167
Homer,59.64,-151.55,30.2,33,1,11.41,US,1604110297
Ola,59.58,151.28,33.04,93,100,12.57,RU,1604110297
Port Hardy,50.7,-127.42,48.2,93,20,4.7,CA,1604110171
Tabou,4.42,-7.35,77.29,91,71,8.16,CI,1604110298
Sirte,31.21,16.59,70.45,66,77,12.37,LY,1604110298
Ibrā’,22.69,58.53,61.57,38,0,4.23,OM,1604110298
Whitehorse,60.72,-135.05,17.6,85,90,9.17,CA,1604109893
Hūn,29.13,15.95,56.77,85,0,5.26,LY,1604110299
Cayenne,4.93,-52.33,80.6,94,0,11.43,GF,1604109936
Port Macquarie,-31.43,152.92,82.0,49,3,15.46,AU,1604110072
Bayonet Point,28.33,-82.68,66.0,76,0,1.01,US,1604110300
Danville,36.59,-79.39,50.0,57,1,10.29,US,1604110300
Bereda,43.27,-7.54,62.6,82,20,14.99,ES,1604110115
Lampang,18.33,99.5,73.4,94,40,2.24,TH,1604110300
Peace River,56.25,-117.29,28.4,79,90,6.93,CA,1604110301
Lusambo,-4.97,23.45,67.62,94,52,0.6,CD,1604110301
Haileybury,47.45,-79.64,23.0,57,1,4.7,CA,1604110301
Todos Santos,23.45,-110.22,75.99,64,19,1.01,MX,1604110302
Mauá,-23.67,-46.46,60.8,82,90,12.75,BR,1604110302
Calabozo,8.92,-67.43,77.2,91,76,5.1,VE,1604109938
Plettenberg Bay,-34.05,23.37,52.32,73,0,3.56,ZA,1604110302
Nālūt,30.33,10.85,54.46,86,5,10.58,LY,1604110303
Kirando,-7.42,30.6,77.36,54,56,2.82,TZ,1604110303
Kristinehamn,59.31,14.11,42.8,100,100,10.29,SE,1604110107
Wembley,-31.93,115.8,77.0,53,75,11.41,AU,1604110284
Laguna de Perlas,12.34,-83.67,80.8,83,100,6.11,NI,1604110304
Acaraú,-2.89,-40.12,77.85,82,24,13.09,BR,1604110096
Abu Samrah,35.3,37.18,61.14,66,100,2.1,SY,1604110304
Gáldar,28.15,-15.65,77.0,31,0,4.7,ES,1604110304
Formosa,-26.18,-58.18,66.2,63,0,6.93,AR,1604110305
Shinpokh,34.33,71.18,57.2,50,0,4.7,PK,1604110305
Mopipi,-21.18,24.88,77.11,23,0,20.76,BW,1604110305
Inuvik,68.35,-133.72,5.0,84,96,3.36,CA,1604109940
Porto-Novo,6.5,2.6,77.38,90,5,4.07,BJ,1604110306
Lavrentiya,65.58,-171.0,21.51,88,0,9.78,RU,1604110040
Benjamin Constant,-4.38,-70.03,77.0,100,90,11.41,BR,1604110306
Bandarbeyla,9.49,50.81,76.17,82,85,8.61,SO,1604110306
Pocatello,42.87,-112.45,57.2,26,1,21.92,US,1604110009
Tādepalle,16.48,80.6,75.2,78,20,3.2,IN,1604110307
Sumter,28.71,-82.08,62.01,80,0,1.99,US,1604110307
Mount Isa,-20.73,139.5,82.4,16,0,9.17,AU,1604110057
Killarney,52.05,-9.52,58.33,92,100,11.81,IE,1604110308
Lloydminster,53.28,-110.0,26.6,100,90,11.41,CA,1604110308
Maumere,-8.62,122.21,86.45,62,74,4.16,ID,1604110308
Aklavik,68.22,-135.01,5.0,84,97,3.36,CA,1604109939
Havre-St-Pierre,50.23,-63.6,23.0,67,1,5.82,CA,1604110171
Buraidah,26.33,43.98,57.2,41,0,2.24,SA,1604110309
Guarujá,-23.99,-46.26,66.99,26,99,7.2,BR,1604110309
Zimovniki,47.15,42.46,56.28,93,95,7.94,RU,1604110309
Korla,41.76,86.15,39.0,66,27,5.01,CN,1604110309
Shakawe,-18.37,21.85,69.1,37,0,1.34,BW,1604110310
Nemuro,43.32,145.57,48.2,57,40,12.75,JP,1604110310
Kavieng,-2.57,150.8,83.23,74,100,7.43,PG,1604110216
Bam,29.11,58.36,55.24,36,0,5.1,IR,1604110310
Flinders,-34.58,150.86,66.0,87,50,4.0,AU,1604110266
Dvinskoy Bereznik,62.86,42.71,33.94,89,80,6.08,RU,1604110311
Rome,43.21,-75.46,28.4,74,1,4.05,US,1604110311
Linguère,15.4,-15.12,81.66,16,78,5.08,SN,1604110311
Kargasok,59.06,80.86,32.38,98,100,5.84,RU,1604110312
Devonport,-41.17,146.35,64.0,62,23,3.0,AU,1604110312
Thinadhoo,0.53,72.93,82.99,74,100,9.93,MV,1604109938
Setermoen,68.86,18.35,10.4,85,0,19.46,NO,1604110312
Grand Gaube,-20.01,57.66,64.0,64,0,3.0,MU,1604110216
Vetluga,57.86,45.78,36.66,97,100,4.0,RU,1604110313
Bom Conselho,-9.17,-36.68,67.6,93,43,10.25,BR,1604110313
Arroyo de la Encomienda,41.61,-4.8,46.4,93,0,3.36,ES,1604110313
Tiksi,71.69,128.87,7.36,95,100,4.36,RU,1604109892
Opuwo,-18.06,13.84,67.03,57,3,4.23,NA,1604110314
Kindu,-2.95,25.95,69.12,97,100,0.94,CD,1604110168
Ouagadougou,12.36,-1.54,75.2,60,0,2.24,BF,1604110314
Mehamn,71.04,27.85,30.6,95,32,9.6,NO,1604110315
Ust'-Omchug,61.15,149.63,23.31,95,100,3.36,RU,1604110112
Dryden,49.78,-92.75,30.2,86,90,8.05,CA,1604110315
Sabattus,44.12,-70.11,30.99,63,1,4.7,US,1604110315
Satis,54.92,43.23,38.68,95,91,2.86,RU,1604110316
Carnarvon,-24.87,113.63,75.2,64,90,11.41,AU,1604109938
Anloga,5.79,0.9,80.6,83,20,5.82,GH,1604110316
Būlaevo,54.91,70.44,29.12,96,67,7.4,KZ,1604110316
Grahamstown,-33.3,26.53,50.27,78,89,3.22,ZA,1604110317
San-Pédro,4.75,-6.64,76.39,92,2,4.14,CI,1604110317
Jutaí,-5.18,-68.9,75.02,97,100,3.85,BR,1604110143
Kholuy,56.58,41.87,39.38,93,89,1.83,RU,1604110318
Pascagoula,30.37,-88.56,53.6,76,1,3.36,US,1604110102
Conceição da Barra,-18.59,-39.73,76.08,84,64,7.49,BR,1604110318
Rokosovo,48.21,23.18,46.4,100,100,8.05,UA,1604110318
Río Gallegos,-51.62,-69.22,55.4,58,75,5.82,AR,1604110292
Noumea,-22.28,166.46,89.6,46,40,8.05,NC,1604110319
Comodoro Rivadavia,-45.87,-67.5,60.8,51,0,4.7,AR,1604110026
Rūdbār,30.15,62.6,43.65,57,0,3.65,AF,1604110319
Dunda,-8.12,34.25,63.09,77,1,1.86,TZ,1604110265
Staryy Nadym,65.61,72.68,34.7,97,100,15.26,RU,1604110320
Eenhana,-17.47,16.33,77.0,65,95,8.05,NA,1604110320
Hasaki,35.73,140.83,64.0,45,20,17.22,JP,1604110103
Berlevåg,70.86,29.09,31.48,93,49,8.25,NO,1604110321
Ugoofaaru,5.67,73.0,82.29,72,22,6.42,MV,1604110321
Biak,-0.91,122.88,78.49,81,100,7.74,ID,1604110321
Hervey Bay,-25.3,152.85,84.2,54,40,25.28,AU,1604110322
Ducheng,23.24,111.53,76.06,65,64,2.39,CN,1604110322
Östersund,63.18,14.64,39.99,93,100,10.29,SE,1604110206
Guarapari,-20.67,-40.5,75.2,94,90,5.82,BR,1604110323
Vaitape,-16.52,-151.75,79.65,78,7,16.69,PF,1604110323
Ust-Nera,64.57,143.2,-0.96,84,27,2.8,RU,1604110323
San Miguel,13.48,-88.18,74.95,91,93,1.54,SV,1604110323
Boyolangu,-8.12,111.89,83.12,72,64,6.4,ID,1604110076
Derzhavīnsk,51.1,66.32,34.77,81,0,3.02,KZ,1604110324
Waingapu,-9.66,120.26,86.49,63,74,10.63,ID,1604110324
Marfino,55.7,37.38,41.0,80,75,0.96,RU,1604110324
Otavi,-19.65,17.33,70.02,58,100,5.53,NA,1604110325
Asău,46.43,26.4,42.01,97,100,4.18,RO,1604109740
Ilulissat,69.22,-51.1,19.4,73,94,4.7,GL,1604110079
Eydhafushi,5.1,73.07,82.72,70,25,5.53,MV,1604110325
Porterville,36.07,-119.02,71.6,30,1,3.36,US,1604110053
Panabá,21.28,-88.27,74.16,89,27,8.84,MX,1604110326
Sirsāganj,27.05,78.7,66.69,28,0,5.06,IN,1604110326
Ukiah,39.15,-123.21,71.6,21,1,2.64,US,1604110036
Rocha,-34.48,-54.33,44.82,89,89,1.41,UY,1604110168
Los Llanos de Aridane,28.66,-17.92,69.8,73,0,6.93,ES,1604110327
Guayaramerín,-10.84,-65.36,73.56,76,99,4.38,BO,1604110327
Little Elm,33.16,-96.94,55.99,75,0,6.31,US,1604109900
Kāmyārān,34.8,46.94,44.6,19,0,1.86,IR,1604110327
Aswān,24.09,32.91,72.43,54,0,2.46,EG,1604110328
Kimbe,-5.55,150.14,85.26,72,100,5.12,PG,1604110328
Hambantota,6.12,81.12,80.29,75,92,6.55,LK,1604110328
Caraballeda,10.61,-66.85,78.8,94,40,5.82,VE,1604110328
Ryōtsu-minato,38.08,138.43,57.2,71,20,8.05,JP,1604110314
Chegem,43.28,43.13,48.2,81,34,4.47,RU,1604110329
Kupang,-10.17,123.58,90.36,51,44,4.97,ID,1604110329
West Plains,36.73,-91.85,48.2,66,1,4.7,US,1604110152
Broken Hill,-31.95,141.43,59.0,77,90,17.22,AU,1604110120
Henties Bay,-22.12,14.28,54.0,89,92,6.93,NA,1604110330
Bengbu,32.94,117.36,60.19,64,69,8.01,CN,1604110330
Yerbogachën,61.28,108.01,10.6,93,100,6.91,RU,1604110331
Qasigiannguit,68.82,-51.19,19.4,73,97,2.24,GL,1604110331
Tevaitoa,-16.78,-151.5,79.48,78,2,16.91,PF,1604110331
Ayan,56.45,138.17,30.79,87,69,3.18,RU,1604110273
Brae,60.4,-1.35,48.2,76,99,14.99,GB,1604110332
Russell,32.35,-85.2,57.2,87,1,3.36,US,1604110311
Lyngseidet,69.58,20.22,28.4,68,0,35.57,NO,1604110332
Kumul,42.8,93.45,39.96,62,0,6.2,CN,1604110120
Coteana,44.3,24.47,46.0,87,0,8.05,RO,1604110333
Mungaoli,24.42,78.1,68.86,35,0,4.0,IN,1604110146
La Ronge,55.1,-105.28,23.0,85,100,18.34,CA,1604110214
Øksfjord,70.24,22.35,25.0,79,0,24.16,NO,1604110334
Trairi,-3.28,-39.27,78.51,78,1,9.53,BR,1604110334
Thai Binh,20.45,106.33,73.4,83,90,1.12,VN,1604110090
Acapulco de Juárez,16.86,-99.89,82.4,88,90,3.36,MX,1604109717
Garoua,9.3,13.4,76.8,38,4,1.81,CM,1604110335
Palauig,15.44,119.9,85.89,65,11,4.7,PH,1604110335
Luena,-11.78,19.92,62.44,94,100,3.83,AO,1604110335
Rāvar,31.27,56.81,46.99,53,0,2.17,IR,1604110335
Athabasca,54.72,-113.29,28.4,100,99,4.7,CA,1604110336
Oranjestad,12.52,-70.03,84.2,79,40,8.05,AW,1604110336
Abu Dhabi,24.47,54.37,73.4,88,0,9.73,AE,1604110126
Chhāgalnāiya,23.03,91.51,77.2,95,100,4.41,BD,1604110336
Saint-Pierre,-21.34,55.48,64.4,72,75,9.17,RE,1604110337
Wajima,37.4,136.9,59.0,54,20,9.17,JP,1604110337
Saint-Augustin,51.23,-58.65,27.05,85,0,10.6,CA,1604110337
Lompoc,34.64,-120.46,60.8,82,1,5.82,US,1604109941
Santa Cruz de la Sierra,-17.8,-63.17,77.0,38,20,14.99,BO,1604109957
Kaeo,-35.1,173.78,67.3,83,62,12.55,NZ,1604110263
Gao,16.64,1.64,77.11,17,0,11.52,ML,1604109937
Dingle,11.0,122.67,83.64,79,100,11.27,PH,1604109984
Kruisfontein,-34.0,24.73,46.99,94,0,2.17,ZA,1604110085
Trat,12.5,102.5,87.01,52,0,4.21,TH,1604110339
Siilinjärvi,63.08,27.67,30.2,92,90,2.24,FI,1604110339
Saint-François,46.42,3.91,39.2,100,90,2.24,FR,1604110251
Bull Savanna,17.89,-77.59,77.16,83,71,2.24,JM,1604110340
Kutum,14.2,24.67,71.69,27,17,12.66,SD,1604110340
Srednekolymsk,67.45,153.68,6.39,92,100,1.28,RU,1604110029
Damara,4.96,18.7,73.4,94,20,0.74,CF,1604110340
Vilyuysk,63.76,121.62,-7.62,89,36,0.72,RU,1604110341
Bulgan,48.81,103.53,29.77,76,20,16.87,MN,1604110341
Kirkuk,35.47,44.39,60.26,31,2,4.03,IQ,1604110341
Salym,60.06,71.48,31.23,98,100,9.24,RU,1604110341
Luba,3.46,8.55,78.75,82,70,7.05,GQ,1604110342
Vanavara,60.34,102.28,7.72,95,91,3.94,RU,1604110342
Marihatag,8.79,126.3,79.45,87,100,4.05,PH,1604110342
Birao,10.28,22.79,73.44,52,66,2.3,CF,1604110342
Hirara,24.8,125.28,78.8,64,40,10.29,JP,1604110343
Dunmore Town,25.5,-76.65,81.82,74,0,6.85,BS,1604110337
Tual,-5.67,132.75,83.93,70,4,11.21,ID,1604110343
Bud,39.45,-86.18,37.99,77,1,3.0,US,1604110343
Mabaruma,8.2,-59.78,76.24,96,96,3.13,GY,1604110344
Cedartown,34.05,-85.25,48.99,70,1,11.41,US,1604110344
Māngrol,21.12,70.12,77.5,56,0,7.11,IN,1604110147
Puerto Colombia,10.99,-74.95,78.8,88,20,3.36,CO,1604110125
São Filipe,14.9,-24.5,81.12,59,100,15.55,CV,1604109861
Crestline,34.24,-117.29,77.0,22,5,3.36,US,1604110320
Lakes Entrance,-37.88,147.98,66.99,70,16,8.01,AU,1604110085
Uíge,-7.61,15.06,67.12,95,93,2.13,AO,1604110346
Half Moon Bay,37.46,-122.43,63.0,87,20,8.05,US,1604110030
Muisne,0.6,-80.03,75.31,82,100,5.48,EC,1604110346
Zboriv,49.66,25.14,42.55,79,100,4.5,UA,1604110346
Kirkwall,58.98,-2.96,42.8,87,100,9.17,GB,1604110346
Lerwick,60.15,-1.15,48.2,76,100,14.99,GB,1604110347
Fatehpur,25.93,80.8,69.64,34,0,4.12,IN,1604110347
Waddān,29.16,16.14,57.54,85,0,5.19,LY,1604110347
Batemans Bay,-35.72,150.18,60.01,100,100,2.73,AU,1604110265
Taoudenni,22.68,-3.98,74.01,24,76,11.39,ML,1604110311
Palmer,42.16,-72.33,27.0,100,1,1.59,US,1604110348
Cherepovets,59.13,37.9,41.94,92,100,4.79,RU,1604110348
Samarai,-10.62,150.67,82.62,74,100,7.78,PG,1604110075
Jamame,0.07,42.75,76.91,84,13,6.46,SO,1604110349
Rio Claro,-22.41,-47.56,64.22,73,100,14.7,BR,1604110349
Mumbwa,-14.98,27.06,72.37,35,0,9.93,ZM,1604110349
Vanimo,-2.67,141.3,84.85,60,100,4.09,PG,1604110169
Sørland,67.67,12.69,44.2,87,100,34.25,NO,1604110350
Chernukha,55.6,43.76,37.89,93,96,2.57,RU,1604110350
Tautira,-17.73,-149.15,84.2,62,40,17.22,PF,1604110350
Chauk,20.88,94.82,77.56,83,79,2.59,MM,1604110083
Fairbanks,64.84,-147.72,12.2,85,90,3.36,US,1604110233
Shimoda,34.67,138.95,62.6,48,20,18.34,JP,1604110351
Port Hawkesbury,45.62,-61.35,33.01,87,90,4.7,CA,1604110351
Black River,18.03,-77.85,82.4,83,75,6.93,JM,1604110352
Cajati,-24.74,-48.12,62.56,91,100,3.62,BR,1604110352
Saharsa,25.88,86.6,75.52,63,1,7.7,IN,1604110190
Yumen,40.28,97.2,40.73,60,100,18.05,CN,1604110352
Verkhnevilyuysk,63.45,120.32,-4.58,87,64,0.47,RU,1604110353
Chingirlau,51.09,54.08,42.39,63,97,11.65,KZ,1604110353
Westport,41.14,-73.36,35.6,79,1,6.93,US,1604110263
Mahon,39.89,4.27,60.8,93,0,5.82,ES,1604110215
Leh,34.17,77.58,27.99,72,21,1.19,IN,1604110354
Kuril'sk,45.23,147.88,46.38,74,71,25.14,RU,1604109940
Rundu,-17.93,19.77,68.88,60,3,2.46,NA,1604110354
Sioux City,42.5,-96.4,42.8,80,1,9.17,US,1604110122
Røros,62.57,11.38,37.4,86,100,2.24,NO,1604110355
Marsá Maţrūḩ,31.35,27.25,71.6,64,75,9.17,EG,1604110032
Manggar,-2.88,108.27,83.66,73,67,1.59,ID,1604110355
North Bend,43.41,-124.22,57.0,87,40,6.93,US,1604110321
Matara,5.95,80.54,79.9,78,100,6.6,LK,1604110096
Vestmannaeyjar,63.44,-20.27,46.2,80,58,22.73,IS,1604110356
Lichinga,-13.31,35.24,61.14,83,53,10.16,MZ,1604110356
Vila,42.03,-8.16,54.0,94,9,1.99,PT,1604110356
Arteaga,18.47,-102.42,64.99,92,79,1.97,MX,1604110356
Sri Aman,1.24,111.46,82.4,83,20,1.12,MY,1604110357
Cap-Haïtien,19.76,-72.2,81.3,78,100,3.91,HT,1604110357
Seoul,37.57,126.98,57.2,62,20,3.36,KR,1604110357
Cody,44.53,-109.06,53.6,27,1,6.93,US,1604110340
Bahār,34.91,48.44,44.51,60,64,1.3,IR,1604110358
Hay River,60.82,-115.8,21.2,85,100,3.36,CA,1604110124
Ossora,59.24,163.07,34.79,82,91,0.83,RU,1604110216
Wynyard,-41.0,145.72,62.01,66,9,11.99,AU,1604110359
Shihezi,44.3,86.03,38.73,68,59,3.31,CN,1604110308
Huarmey,-10.07,-78.15,62.58,85,100,7.11,PE,1604110359
Villamontes,-21.25,-63.5,68.38,35,100,4.34,BO,1604110359
Katherine,-14.47,132.27,96.8,32,0,6.93,AU,1604110360
Chino Valley,34.76,-112.45,64.4,17,1,4.7,US,1604110140
Xinzhou,38.41,112.73,52.0,38,0,9.89,CN,1604110360
Severnyy,50.68,36.55,44.6,93,90,6.71,RU,1604110360
Niquero,20.04,-77.58,81.21,77,93,5.66,CU,1604110360
Liku,-0.73,119.89,89.49,49,79,1.72,ID,1604110361
Lagunas,-5.23,-75.68,72.73,97,100,1.9,PE,1604110361
